1000; 1488100; 999000; 0; 2715600; 999000; 499451; 1966300; 999000; 244580; 1778100; 999000; 249471; 1796400; 999000; 249979; 
2000; 4312700; 3998000; 0; 9846500; 3998000; 1998808; 8002200; 3998000; 1009976; 7531400; 3998000; 998887; 7397400; 3998000; 999922; 
3000; 9903900; 8997000; 0; 23491600; 8997000; 4498060; 18014200; 8997000; 2254514; 16194800; 8997000; 2248271; 15725400; 8997000; 2249790; 
4000; 17445200; 15996000; 0; 43107100; 15996000; 7997201; 39159100; 15996000; 4015125; 31842000; 15996000; 3997645; 30592700; 15996000; 3999607; 
5000; 35967900; 24995000; 0; 83188700; 24995000; 12496293; 64528700; 24995000; 6207749; 55189700; 24995000; 6246902; 56892400; 24995000; 6249400; 
6000; 41166800; 35994000; 0; 99412500; 35994000; 17995183; 85030700; 35994000; 8965503; 65644100; 35994000; 8996116; 63744700; 35994000; 8999067; 
7000; 59253100; 48993000; 0; 132023500; 48993000; 24494114; 110055100; 48993000; 12242199; 86842000; 48993000; 12245305; 85544400; 48993000; 12248821; 
8000; 66482900; 63992000; 0; 169064700; 63992000; 31992859; 145889900; 63992000; 16075495; 111723500; 63992000; 15994437; 113346100; 63992000; 15998365; 
9000; 84932900; 80991000; 0; 203758800; 80991000; 40491382; 184793300; 80991000; 20068021; 151039300; 80991000; 20243466; 148036200; 80991000; 20247978; 
10000; 104373600; 99990000; 0; 248034500; 99990000; 49990016; 232695400; 99990000; 24845089; 178668400; 99990000; 24992512; 178894500; 99990000; 24997455; 
1000; 449000; 500500; 1000; 689200; 500500; 1000; 514400; 500500; 1000; 498200; 500500; 1000; 526800; 500500; 1000; 
2000; 1708700; 2001000; 2000; 2768500; 2001000; 2000; 1829800; 2001000; 2000; 2010300; 2001000; 2000; 1997400; 2001000; 2000; 
3000; 3798500; 4501500; 3000; 6106900; 4501500; 3000; 4113200; 4501500; 3000; 4645300; 4501500; 3000; 4484100; 4501500; 3000; 
4000; 6667500; 8002000; 4000; 11355400; 8002000; 4000; 7159300; 8002000; 4000; 7846600; 8002000; 4000; 7992700; 8002000; 4000; 
5000; 10523900; 12502500; 5000; 18597600; 12502500; 5000; 10729000; 12502500; 5000; 12290400; 12502500; 5000; 12396900; 12502500; 5000; 
6000; 15197200; 18003000; 6000; 27222300; 18003000; 6000; 15308300; 18003000; 6000; 17703000; 18003000; 6000; 18539900; 18003000; 6000; 
7000; 20781800; 24503500; 7000; 39561800; 24503500; 7000; 21766400; 24503500; 7000; 24902100; 24503500; 7000; 24465400; 24503500; 7000; 
8000; 27321800; 32004000; 8000; 55133500; 32004000; 8000; 27888300; 32004000; 8000; 31698400; 32004000; 8000; 33350100; 32004000; 8000; 
9000; 34499200; 40504500; 9000; 71227400; 40504500; 9000; 34572200; 40504500; 9000; 40257500; 40504500; 9000; 42881600; 40504500; 9000; 
10000; 42241500; 50005000; 10000; 95578000; 50005000; 10000; 42531200; 50005000; 10000; 53035600; 50005000; 10000; 52955800; 50005000; 10000; 
1000; 1500; 1000; 10000; 1998600; 500448; 10000; 969600; 243744; 10000; 985900; 250472; 10000; 993300; 250977; 10000; 
2000; 3600; 2000; 10000; 7773600; 2000780; 10000; 3865400; 993025; 10000; 3934500; 1000897; 10000; 3990900; 1001884; 10000; 
3000; 4200; 3000; 10000; 18515000; 4501013; 10000; 8989800; 2243756; 10000; 8716900; 2251253; 10000; 8943600; 2252748; 10000; 
4000; 5300; 4000; 10000; 31604600; 8001096; 10000; 15741900; 3969889; 10000; 15793400; 4001547; 10000; 15875000; 4003551; 10000; 
5000; 6500; 5000; 10000; 50273700; 12501120; 10000; 24356300; 6220827; 10000; 24576000; 6251809; 10000; 24580500; 6254318; 10000; 
6000; 7900; 6000; 10000; 71582800; 18001064; 10000; 35352400; 8980700; 10000; 34342400; 9002031; 10000; 36040800; 9005035; 10000; 
7000; 9700; 7000; 10000; 97297800; 24501093; 10000; 49171200; 12176803; 10000; 47553600; 12252284; 10000; 47787000; 12255785; 10000; 
8000; 10600; 8000; 10000; 126103200; 32000786; 10000; 63465700; 15923228; 10000; 63001600; 16002388; 10000; 64222400; 16006405; 10000; 
9000; 13400; 9000; 10000; 160588700; 40500476; 10000; 80117900; 20281447; 10000; 79363900; 20252437; 10000; 82785300; 20256957; 10000; 
10000; 12800; 10000; 10000; 198816400; 49999874; 10000; 99878300; 25032741; 10000; 99835400; 25002462; 10000; 100265000; 25007538; 10000; 
1000; 114200; 36106; 18702; 99800; 50021810; 17312; 115100; 25056930; 18063; 108000; 25027170; 18236; 104500; 25029942; 17468; 
2000; 239700; 94354; 38118; 215400; 50071985; 34037; 253900; 25111536; 36265; 233100; 25082625; 36721; 224900; 25080522; 34328; 
3000; 363000; 187915; 69305; 376900; 50152289; 60805; 441800; 25198812; 65357; 394200; 25170657; 66065; 378300; 25162149; 61537; 
4000; 549600; 316966; 112322; 473200; 50264558; 98228; 572500; 25319691; 105650; 512800; 25293546; 107028; 513600; 25275129; 99197; 
5000; 668300; 483829; 167943; 659100; 50409824; 146650; 773600; 25475871; 157710; 659300; 25451094; 159544; 620800; 25422003; 148155; 
6000; 813700; 689149; 236383; 730600; 50588585; 206237; 907200; 25668579; 221946; 812200; 25645461; 224333; 795700; 25602777; 208413; 
7000; 960700; 932674; 317558; 946600; 50802020; 277382; 1101600; 25897590; 298283; 987700; 25877916; 301818; 925100; 25817946; 280136; 
8000; 1126500; 1214404; 411468; 1022600; 51050318; 360148; 1241200; 26163333; 386864; 1174800; 26147682; 391740; 1155000; 26067459; 363307; 
9000; 1354200; 1536856; 518952; 1229100; 51334343; 454823; 1378900; 26467107; 488122; 1274900; 26454672; 494070; 1234800; 26353359; 458607; 
10000; 1415700; 1900399; 640133; 1262400; 51654311; 561479; 1557300; 26810067; 602442; 1457100; 26799993; 609177; 1387900; 26676837; 566433; 
10000; 700; 1900399; 640133; 200; 51654311; 561479; 0; 26810067; 602442; 300; 26799993; 609177; 100; 26676837; 566433; 
20000; 300; 1900399; 640133; 200; 51654311; 561479; 0; 26810067; 602442; 300; 26799993; 609177; 400; 26676837; 566433; 
30000; 200; 1900399; 640133; 200; 51654311; 561479; 100; 26810067; 602442; 200; 26799993; 609177; 300; 26676837; 566433; 
40000; 200; 1900399; 640133; 200; 51654311; 561479; 0; 26810067; 602442; 300; 26799993; 609177; 100; 26676837; 566433; 
50000; 100; 1900399; 640133; 200; 51654311; 561479; 0; 26810067; 602442; 300; 26799993; 609177; 200; 26676837; 566433; 
60000; 300; 1900399; 640133; 100; 51654311; 561479; 0; 26810067; 602442; 200; 26799993; 609177; 300; 26676837; 566433; 
70000; 200; 1900399; 640133; 200; 51654311; 561479; 100; 26810067; 602442; 200; 26799993; 609177; 200; 26676837; 566433; 
80000; 100; 1900399; 640133; 200; 51654311; 561479; 100; 26810067; 602442; 300; 26799993; 609177; 200; 26676837; 566433; 
90000; 400; 1900399; 640133; 400; 51654311; 561479; 0; 26810067; 602442; 100; 26799993; 609177; 400; 26676837; 566433; 
100000; 200; 1900399; 640133; 400; 51654311; 561479; 100; 26810067; 602442; 300; 26799993; 609177; 300; 26676837; 566433; 
1000; 821500; 1905466; 640133; 812200; 51659243; 561479; 840200; 26818787; 602442; 805400; 26805480; 609177; 814600; 26682324; 566433; 
2000; 2732000; 1916643; 640133; 2722600; 51670107; 561479; 2749600; 26838201; 602442; 2700800; 26817457; 609177; 2698200; 26694301; 566433; 
3000; 5694200; 1934873; 640133; 6177200; 51686935; 561479; 6180900; 26869118; 602442; 5661300; 26836414; 609177; 5647900; 26713258; 566433; 
4000; 9784700; 1959439; 640133; 9709000; 51710663; 561479; 9889100; 26911921; 602442; 9694500; 26862386; 609177; 9669200; 26739230; 566433; 
5000; 14918400; 1991854; 640133; 14818200; 51740467; 561479; 14988700; 26967189; 602442; 14830400; 26895826; 609177; 14834200; 26772670; 566433; 
6000; 20922700; 2031534; 640133; 21427900; 51777123; 561479; 21160600; 27035080; 602442; 21483600; 26936770; 609177; 21090900; 26813614; 566433; 
7000; 28358400; 2078590; 640133; 28531200; 51820751; 561479; 28610000; 27115763; 602442; 28212900; 26985246; 609177; 28030600; 26862090; 566433; 
8000; 36419900; 2132283; 640133; 36535500; 51872207; 561479; 37621500; 27209457; 602442; 36439500; 27041299; 609177; 37379500; 26918143; 566433; 
9000; 46113800; 2194582; 640133; 46484300; 51930027; 561479; 46690500; 27316569; 602442; 46248400; 27105274; 609177; 47008500; 26982117; 566433; 
10000; 56546800; 2265136; 640133; 57300700; 51994635; 561479; 57535400; 27437099; 602442; 57567400; 27177310; 609177; 56658000; 27054153; 566433; 
1000; 1071800; 999000; 0; 427400; 500500; 1000; 1500; 1000; 0; 110900; 26052; 8684; 100; 0; 0; 863700; 5072; 0; 
2000; 4143600; 3998000; 0; 1687700; 2001000; 2000; 3100; 2000; 0; 242900; 58212; 19404; 0; 0; 0; 2771600; 11199; 0; 
3000; 9293500; 8997000; 0; 3747900; 4501500; 3000; 4300; 3000; 0; 391300; 93525; 31175; 0; 0; 0; 5709300; 18195; 0; 
4000; 17142100; 15996000; 0; 6641000; 8002000; 4000; 5300; 4000; 0; 566000; 128994; 42998; 0; 0; 0; 9709000; 24543; 0; 
5000; 25779200; 24995000; 0; 10363300; 12502500; 5000; 6700; 5000; 0; 778300; 166884; 55628; 0; 0; 0; 14802900; 32423; 0; 
6000; 37044100; 35994000; 0; 15133500; 18003000; 6000; 8200; 6000; 0; 825700; 205215; 68405; 0; 0; 0; 21290500; 39646; 0; 
7000; 50574200; 48993000; 0; 20615100; 24503500; 7000; 9100; 7000; 0; 1073900; 243525; 81175; 0; 0; 0; 28786700; 47030; 0; 
8000; 67629400; 63992000; 0; 26884600; 32004000; 8000; 10700; 8000; 0; 1129100; 281589; 93863; 0; 0; 0; 36428500; 53703; 0; 
9000; 84685600; 80991000; 0; 34270500; 40504500; 9000; 11400; 9000; 0; 1316500; 322389; 107463; 0; 0; 0; 46047900; 62303; 0; 
10000; 103832100; 99990000; 0; 42477800; 50005000; 10000; 12600; 10000; 0; 1483600; 363519; 121173; 0; 0; 0; 57187300; 70552; 0; 
1000; 2756100; 999000; 499442; 646100; 500500; 1000; 2016600; 500442; 0; 102300; 21960; 7320; 0; 0; 0; 915100; 4932; 0; 
2000; 10057000; 3998000; 1998804; 2650000; 2001000; 2000; 7934700; 2000804; 0; 224400; 50139; 16713; 100; 0; 0; 2788600; 10864; 0; 
3000; 22737100; 8997000; 4498041; 6072100; 4501500; 3000; 17768100; 4501041; 0; 351900; 80280; 26760; 0; 0; 0; 5772900; 16828; 0; 
4000; 39182700; 15996000; 7997176; 11256300; 8002000; 4000; 30958700; 8001176; 0; 488000; 112200; 37400; 100; 0; 0; 9703500; 23728; 0; 
5000; 62334700; 24995000; 12496259; 18484900; 12502500; 5000; 49462500; 12501259; 0; 615900; 145281; 48427; 0; 0; 0; 14821200; 29804; 0; 
6000; 92572000; 35994000; 17995207; 26969800; 18003000; 6000; 71536500; 18001207; 0; 752900; 178827; 59609; 100; 0; 0; 20972500; 36656; 0; 
7000; 122148600; 48993000; 24494034; 38342600; 24503500; 7000; 97169000; 24501034; 0; 919700; 213555; 71185; 0; 0; 0; 28210100; 43628; 0; 
8000; 159662800; 63992000; 31992743; 53633800; 32004000; 8000; 126284300; 32000743; 0; 1043500; 248436; 82812; 100; 0; 0; 36529000; 51456; 0; 
9000; 201981300; 80991000; 40491429; 72145500; 40504500; 9000; 160992400; 40500429; 0; 1220000; 284040; 94680; 100; 0; 0; 46291300; 57820; 0; 
10000; 254651700; 99990000; 49989976; 96540800; 50005000; 10000; 198492900; 49999976; 0; 1357600; 320160; 106720; 0; 0; 0; 57764500; 64608; 0; 
1000; 2092000; 999000; 259170; 505900; 500500; 1000; 1030000; 260170; 0; 121300; 24228; 8076; 0; 0; 0; 929400; 8703; 0; 
2000; 7642700; 3998000; 966284; 1793800; 2001000; 2000; 3672900; 968284; 0; 264000; 54459; 18153; 0; 0; 0; 2849400; 19394; 0; 
3000; 17436900; 8997000; 2266869; 4159600; 4501500; 3000; 8603300; 2269869; 0; 419900; 87135; 29045; 0; 0; 0; 6042300; 30945; 0; 
4000; 33066600; 15996000; 3978099; 7198900; 8002000; 4000; 15931000; 3982099; 0; 573900; 120783; 40261; 0; 0; 0; 9965500; 42828; 0; 
5000; 52431100; 24995000; 6196971; 10820100; 12502500; 5000; 23950700; 6201971; 0; 745800; 156450; 52150; 0; 0; 0; 15120000; 55250; 0; 
6000; 76852700; 35994000; 9039138; 15378400; 18003000; 6000; 35384100; 9045138; 0; 926400; 192414; 64138; 0; 0; 0; 22222400; 67870; 0; 
7000; 106328000; 48993000; 12198144; 20969600; 24503500; 7000; 48190800; 12205144; 0; 1059100; 228855; 76285; 0; 0; 0; 29224300; 80734; 0; 
8000; 142031800; 63992000; 15905350; 27626600; 32004000; 8000; 63312800; 15913350; 0; 1244000; 265587; 88529; 0; 0; 0; 36882800; 93674; 0; 
9000; 186888800; 80991000; 20141754; 34688100; 40504500; 9000; 79295100; 20150754; 0; 1435400; 303963; 101321; 0; 0; 0; 47144700; 106935; 0; 
10000; 230218600; 99990000; 24775494; 42664400; 50005000; 10000; 98155500; 24785494; 0; 1690500; 342678; 114226; 0; 0; 0; 57425600; 120478; 0; 
1000; 1780600; 999000; 249471; 552200; 500500; 1000; 1030500; 250471; 0; 108600; 24720; 8240; 0; 0; 0; 871300; 5487; 0; 
2000; 7011600; 3998000; 998889; 1957500; 2001000; 2000; 3998300; 1000889; 0; 244000; 55488; 18496; 0; 0; 0; 2800900; 11980; 0; 
3000; 16279000; 8997000; 2248264; 4418500; 4501500; 3000; 8454800; 2251264; 0; 379500; 87987; 29329; 100; 0; 0; 5751100; 18958; 0; 
4000; 32420100; 15996000; 3997578; 7795700; 8002000; 4000; 15557000; 4001578; 0; 517000; 123120; 41040; 0; 0; 0; 10243700; 25971; 0; 
5000; 44610400; 24995000; 6246853; 12191400; 12502500; 5000; 24655500; 6251853; 0; 670300; 157830; 52610; 0; 0; 0; 14816100; 33443; 0; 
6000; 64179700; 35994000; 8996040; 18443400; 18003000; 6000; 35285200; 9002040; 0; 824400; 194340; 64780; 0; 0; 0; 21019200; 40955; 0; 
7000; 85743400; 48993000; 12245240; 25420500; 24503500; 7000; 48680200; 12252240; 0; 951300; 232137; 77379; 0; 0; 0; 28198700; 48498; 0; 
8000; 121966500; 63992000; 15994375; 32134100; 32004000; 8000; 63075000; 16002375; 0; 1091100; 269991; 89997; 0; 0; 0; 36654700; 56076; 0; 
9000; 142473700; 80991000; 20243440; 41644700; 40504500; 9000; 80655200; 20252440; 0; 1337800; 307068; 102356; 0; 0; 0; 46122200; 64015; 0; 
10000; 177325700; 99990000; 24992395; 51195500; 50005000; 10000; 98416100; 25002395; 0; 1467200; 345288; 115096; 0; 0; 0; 56613500; 72057; 0; 
1000; 1779200; 999000; 249980; 523400; 500500; 1000; 946000; 250980; 0; 104100; 22479; 7493; 100; 0; 0; 846600; 5487; 0; 
2000; 7047500; 3998000; 999893; 2013700; 2001000; 2000; 3978400; 1001893; 0; 243700; 50598; 16866; 0; 0; 0; 2984700; 11978; 0; 
3000; 16832700; 8997000; 2249793; 4449200; 4501500; 3000; 8905900; 2252793; 0; 369100; 81657; 27219; 0; 0; 0; 5746700; 18956; 0; 
4000; 28221100; 15996000; 3999586; 7958200; 8002000; 4000; 15822900; 4003586; 0; 486600; 113202; 37734; 0; 0; 0; 9772700; 25969; 0; 
5000; 43468000; 24995000; 6249361; 12529500; 12502500; 5000; 24686900; 6254361; 0; 628000; 146994; 48998; 0; 0; 0; 14941000; 33437; 0; 
6000; 62627800; 35994000; 8999102; 18190500; 18003000; 6000; 35476600; 9005102; 0; 785200; 181098; 60366; 0; 0; 0; 21273200; 40947; 0; 
7000; 90989700; 48993000; 12248780; 25163200; 24503500; 7000; 48456400; 12255780; 0; 909300; 215097; 71699; 0; 0; 0; 28906800; 48498; 0; 
8000; 118444800; 63992000; 15998390; 33383600; 32004000; 8000; 63014800; 16006390; 0; 1055600; 249735; 83245; 0; 0; 0; 36507000; 56060; 0; 
9000; 144163800; 80991000; 20247960; 41608800; 40504500; 9000; 79372600; 20256960; 0; 1209700; 286047; 95349; 0; 0; 0; 47287700; 64007; 0; 
10000; 179352500; 99990000; 24997479; 51970400; 50005000; 10000; 98975100; 25007479; 0; 1343800; 322965; 107655; 0; 0; 0; 56683600; 72038; 0; 
